No   ID         RANK2018 RATIO2018  RANK2099 RATIO2099
1     116 138   6.620587 110   7.44242
2     364 295  19.685496 254  21.76614
3     540 100   4.530463 102   6.87212
4     572 152   7.691807 137   9.43518
5     628 288  19.153736 272  23.67590
6     660  99   4.516727  89   5.42047
7     676  24   0.327408  17   0.40763
8     756 794 90.620330 792 90.71047
9     988 673  68.614164 623  73.42256
10   2264  90   3.821919 144  10.78916
11   2288 335  24.106081 527  59.67904
12   2720 570  52.846453 582  66.45078
13   2752 774  86.032720 756  87.73687
14   2832 224  13.367653 213  17.32989
15   2928  56   1.830919  53   2.66838
16   3120 249  15.516734 203  16.79627
17   3264 320  21.959936 269  23.38046
18   3272 441  36.616716 409  41.91596
19   3296 307  20.922578 287  25.98536
20   3320 600  56.046067 578  65.43176
21   3384 440  36.546374 423  43.88682
22   3392 200  11.629399 564  64.01267
23   3480  13   0.064005  15   0.37927
24   3488 558  51.747333 654  78.70173
25   3576 615  59.774946 548  62.17816
26   3608 112   5.215447  92   5.90185
27   3632 701  74.402583 735  84.48942
28   3640 252  15.705096 215  17.58925
29   3656 539  48.637308 509  57.18137
30   3688 616  59.776525 712  90.37824
31   3736 233  14.456564 286  25.76366
32   3928 120   5.517879  94   6.24051
33   4032 227  13.930842 185  14.76681
34   4432 306  20.786479 275  23.84480
35   4599 365  28.039372 341  32.54628
36   4688 226  13.714605 251  21.53461
37   4816  77   3.245939  63   3.57541
38   4848 292  19.368064 243  20.27125
39   4896 421  34.520513 366  35.37400
40   4944 691  72.289999 718  90.71220
41   4984 776  86.425545 761  88.20559
42   5216 161   8.588396 135   9.24107
43   5256 256  15.782758 238  19.70395
44   5288 464  38.731514 415  42.73112
45   5312 119   5.497890  95   6.58103
46   5384 730  83.881631 724  91.42868
47   5504 228  14.063454 218  17.95615
48   5648 682  70.417181 677  82.86662
49   5672 348  25.537539 314  29.85279
50   5680 749  88.742041 701  88.79657
51   5848 737  85.513391 725  91.73822
52   5888 560  51.846683 588  67.12515
53   5936 248  15.277587 228  18.57448
54   6064  29   0.461999  20   0.56741
55   6240 140   6.774133 131   8.91964
56   6344 724  82.490335 706  89.26121
57   6504 387  29.425494 371  36.84230
58   6560 420  34.361244 652  78.64077
59   6824 580  53.977452 526  59.37361
60   6904 327  22.826368 551  62.29727
61   6928 461  38.612273 400  41.07157
62   7000 434  35.837938 461  49.08401
63   7040 123   5.707662 112   7.64060
64   7160 559  51.820509 496  55.27512
65   7480 742  86.663630 773  89.07042
66   7712 215  12.877964 230  18.63673
67   7880 579  53.972531 561  63.28111
68   7960  76   3.238820  61   3.50799
69   7976 454  38.094545 394  40.24691
70   7992 651  64.408697 609  71.25625
71   8472 736  85.477909 704  89.03866
72   8568 489  41.680554 479  51.73737
73   8624 492  41.936354 450  47.62866
74   8632 697  73.846800 669  81.67769
75   8744 117   5.468890 107   7.19070
76   8760   3   0.006486  82   4.54724
77   8960 723  81.895998 702  88.84874
78   9080 107   4.881819  90   5.88726
79   9224 345  25.310065 322  30.54843
80   9432 439  36.505743 397  40.66322
81   9528 342  24.867319 327  30.77456
82   9696 195  11.066160 156  11.88080
83  10224 596  55.381868 518  58.49245
84  10240 613  59.486766 635  75.15415
85  10256 589  55.046304 615  72.00337
86  10280 692  72.600336 663  80.08330
87  10768 273  17.987314 245  20.61748
88  10792  52   1.629988 222  18.04810
89  10800 601  56.188928 566  64.19478
90  10808  91   3.918963  73   4.03819
91  10912 460  38.528664 449  47.56135
92  11000  42   1.125638  35   1.53789
93  11152 383  29.177301 360  34.78589
94  11160 635  62.110530 575  65.24761
95  11272 370  28.323433 369  36.68952
96  11328 201  11.679888 195  15.63460
97  11336 412  33.394843 407  41.73372
98  11472 265  16.933537 239  19.70667
99  11616 656  65.825492 596  69.07885
100 11624 568  52.776541 574  65.23374
101 11680 130   6.289122 103   6.89011
102 11720 505  43.412647 552  62.34563
103 11736 611  59.157888 619  72.84181
104 12104 586  54.671212 664  80.08858
105 12184 493  42.099947 460  49.00866
106 12224 217  13.028451 190  15.33693
107 12296 395  30.610261 378  38.11126
108 12496  60   2.112247  48   2.41245
109 12504 352  25.823964 338  31.98187
110 12536 472  40.322859 472  50.57921
111 12656 126   6.027085 100   6.72774
112 12704 510  44.115128 470  50.52687
113 13120 689  71.984413 634  75.11329
114 13152 203  11.943311 206  16.95744
115 13232  85   3.618101  84   4.65398
116 13240 541  48.988898 482  52.27978
117 13392 543  49.428928 481  52.20373
118 13440 253  15.712167 226  18.46265
119 13512 407  32.529842 393  40.22839
120 13608  66   2.467510  54   2.67473
121 13776 270  17.807827 430  44.74625
122 13800  39   0.999436  32   1.21301
123 13832 194  10.940568 208  17.02598
124 13896 787  88.809611 779  89.56366
125 14064 716  79.592743 705  89.24171
126 14160 358  26.912136 524  59.12300
127 14264 142   6.834805 116   7.82695
128 14376  64   2.280992  51   2.50125
129 14520 623  60.255650 592  67.86237
130 14568 670  68.419631 620  72.97014
131 14584 672  68.603504 603  70.79306
132 14600 190  10.714259 159  12.12372
133 14640 725  82.666023 684  83.77868
134 14656 584  54.533231 540  60.88397
135 14800 662  67.120574 662  79.81607
136 15192 431  35.422969 441  46.82541
137 15232  50   1.566709  39   1.77245
138 15384 204  11.991587 183  14.35499
139 15432 486  41.467607 422  43.82532
140 15680 779  86.673133 765  88.66895
141 15744 406  32.310611 377  38.07570
142 15760 531  48.084627 483  52.28024
143 15848 378  28.805895 356  34.05563
144 15872 538  48.558982 499  55.77122
145 15888  22   0.263272  19   0.54301
146 16056  65   2.351636  49   2.44709
147 16080 523  46.776896 491  54.24146
148 16128 285  18.888183 346  32.82950
149 16144 468  39.369483 440  46.78053
150 16256  93   3.968192  85   4.71073
151 16448 659  66.637646 600  69.68687
152 16568 182  10.338532 145  10.85563
153 16848 205  12.015857 252  21.65244
154 16960 268  17.382881 318  30.05666
155 17024 634  61.979774 605  70.88921
156 17136  98   4.484455  86   5.17760
157 17152 476  40.609243 471  50.54086
158 17840 389  29.651531 516  57.93558
159 18000 540  48.745637 647  77.71202
160 18048 179  10.234399 151  11.52570
161 18088 239  14.711169 219  17.98828
162 18136 696  73.260645 676  82.64771
163 18152 312  21.218964 273  23.80102
164 18192 791  90.247487 793 90.99800
165 18272 411  33.137347 448  47.48570
166 18360 707  75.930161 774  99.19706
167 18400 176  10.017816 184  14.62543
168 18496 207  12.109694 176  13.71625
169 18576 666  67.921480 695  86.49830
170 18736 564  52.245415 506  56.96743
171 18888 373  28.375180 350  33.18678
172 18960 141   6.775628 111   7.47308
173 19160 329  23.227372 306  28.23010
174 19208  31   0.554305  41   1.79963
175 19536 380  29.023555 362  34.93141
176 19696 121   5.526829  97   6.68159
177 19752 545  49.660692 580  65.47693
178 19856 360  27.333142 311  28.88887
179 19976 758  91.422733 742  92.90464
180 20144 700  74.312452 715  90.58632
181 20152 311  21.128587 253  21.74844
182 20216 243  15.006423 249  21.18285
183 20240 577  53.393533 614  71.51235
184 20248 765  82.945061 734  84.38185
185 20328 555  51.641587 568  64.52283
186 20352 185  10.370751 154  11.79714
187 20424 264  16.855851 233  19.10896
188 20512 447  37.350691 416  43.15054
189 20528 392  30.409295 335  31.74469
190 20776  62   2.167114  45   2.25419
191 20792 678  69.067472 653  78.65953
192 20840 507  43.578595 535  59.95073
193 20904 400  31.067088 413  42.32007
194 20992 602  56.337620 622  73.31689
195 21200   1   0.000369  29   1.04667
196 21688 122   5.683794 117   7.83408
197 21712 533  48.260453 474  50.91563
198 21752 315  21.415887 323  30.59075
199 21816  94   4.083496 142  10.58867
200 21872 551  51.104561 590  67.33732
201 21968 620  60.015996 668  81.19237
202 21976 750  85.896662 738  84.86596
203 22144  89   3.803158  72   4.00646
204 22264 115   5.299727  98   6.69010
205 22296 763  82.631738 758  87.91219
206 22520 150   7.574786 125   8.23697
207 22576 608  57.859239 577  65.27461
208 22608 300  20.060310 295  27.22562
209 22672 594  55.273890 544  61.63554
210 22712 458  38.421449 478  51.73059
211 22800 719  80.420185 680  83.38475
212 22888 745  87.366018 739  95.42030
213 22960 291  19.346277 267  23.17509
214 22992 553  51.402639 503  56.68569
215 23016 397  30.759089 395  40.28480
216 23152 744  87.029458 714  90.46670
217 23280 512  44.364755 785  99.85388
218 23296 208  12.176042 174  13.56967
219 23304 124   5.894273 467  49.76153
220 23440  25   0.327466  18   0.52274
221 23568 393  30.471536 396  40.66042
222 23584 136   6.537923 126   8.26483
223 23600 732  84.143374 731  93.35139
224 23616 372  28.373497 380  38.32316
225 23768 180  10.322612 201  16.58492
226 23832 333  23.842999 312  28.95079
227 24040 245  15.015780 212  17.23889
228 24160 618  59.852364 567  64.46552
229 24248 451  37.594946 442  46.87826
230 24304 663  67.196229 657  79.27840
231 24336 463  38.702106 487  53.03526
232 24392 706  75.704685 708  89.66528
233 24432 349  25.568616 301  27.49790
234 24488 359  27.203606 363  35.01321
235 24536 316  21.819879 293  26.71273
236 24560 209  12.255106 225  18.34980
237 25136 526  47.461582 621  72.97189
238 25152 571  52.940098 570  64.68398
239 25456 549  50.118301 494  54.85465
240 25584 391  30.118733 336  31.86280
241 25680 588  54.784152 581  66.02528
242 25944 506  43.422866 437  45.77637
243 26280 382  29.129340 435  45.71220
244 26296 681  69.812538 763  78.41983
245 26408  67   2.475870 138   9.65073
246 26512 726  82.673593 688  84.67753
247 26560  55   1.811999  52   2.62543
248 26760 718  79.962206 692  86.04069
249 26880 792  89.953450 786  89.88658
250 27008 135   6.468319 124   8.23022
251 27112 462  38.661366 427  44.40406
252 27120  46   1.417164  34   1.46518
253 27360 646  63.978516 655  79.18542
254 27552  63   2.266098  50   2.45156
255 27688  51   1.571994  60   3.50662
256 27696  95   4.115408 150  11.46698
257 27712 498  42.662818 477  51.47604
258 27760 528  47.575191 595  68.94832
259 27784 475  40.588194 421  43.69233
260 28280 680  69.785728 672  82.17628
261 28520 658  66.336258 631  74.51664
262 28824 232  14.284174 641  75.78750
263 28960  92   3.963024  91   5.89253
264 29088 561  51.900432 510  57.19897
265 29232 196  11.320223 166  12.76310
266 29264 607  57.732292 546  61.98017
267 29392 752  89.491243 753  87.64151
268 29432 426  34.896556 398  40.68917
269 29512 173   9.890959 186  14.95755
270 29568 374  28.420882 418  43.18560
271 29592 590  55.113552 593  68.38228
272 29632 566  52.451416 525  59.15501
273 29732 425  34.839589 553  62.46454
274 29760 168   9.560068 143  10.75097
275 30016 343  25.082535 438  46.06827
276 30128 657  66.201092 584  66.69524
277 30280 231  14.232034 214  17.52726
278 30600  38   0.968224  27   0.95278
279 30728 778  86.453481 781  89.62101
280 30896 188  10.563698 155  11.86496
281 31082 266  16.976278 224  18.34336
282 31088 456  38.391709 489  53.51842
283 31192 683  70.639964 666  80.85904
284 31256  15   0.144541  14   0.27299
285 31328 354  26.337788 351  33.46176
286 31656 418  34.269402 390  39.85576
287 32032 353  25.841978 488  53.23334
288 32056 165   9.181773 160  12.16735
289 32080 753  89.771209 732  93.48254
290 32120 473  40.442976 452  48.17173
291 32688 537  48.511254 529  59.74220
292 32936 242  14.876537 211  17.16139
293 33000 340  24.604462 354  33.84763
294 33080 170   9.593597 148  11.35114
295 33088 212  12.731009 197  15.98575
296 33112  73   3.046746  74   4.06715
297 33200 614  59.633870 661  79.73472
298 33216 688  71.888637 723  91.41708
299 33312 626  60.587769 616  72.63358
300 33592 664  67.892315 678  83.03282
301 33744 293  19.665826 344  32.65087
302 34080 722  81.785735 726  91.87395
303 34664 575  53.259913 624  73.48774
304 35224 591  55.177464 659  79.40687
305 35408 508  44.016036 512  57.55149
306 35424 521  45.856296 484  52.34114
307 35488 337  24.489167 292  26.48882
308 35520 477  40.668758 446  47.43678
309 35576 310  21.090270 271  23.66133
310 35608 522  46.716123 502  56.55692
311 35624 567  52.548345 523  58.86556
312 35648 633  61.953173 607  70.94434
313 35896 574  53.200352 587  67.02875
314 35928 271  17.852242 236  19.63667
315 35960 687  71.860908 716  90.65326
316 36160 772  84.905257 759  87.93599
317 36192 565  52.433072 579  65.45649
318 36232 260  16.446887 419  43.18820
319 36288 427  35.121412 445  47.26420
320 36368 612  59.450069 599  69.68101
321 36592 609  57.932892 618  72.81014
322 36616 524  46.986320 555  62.54436
323 36640 781  87.897205 764  88.64521
324 36816  83   3.530097  79   4.44572
325 36888  80   3.443719  78   4.42345
326 36944 399  30.838640 388  39.49620
327 37000 104   4.765543 283  25.08297
328 37192 629  61.447282 632  74.87748
329 37208 257  15.978856 210  17.10315
330 37496 110   5.000702  88   5.32788
331 37640  37   0.885271  31   1.10931
332 37696 280  18.475017 280  24.70606
333 37792 403  31.386793 352  33.46521
334 37955 258  16.026863 227  18.47451
335 38000  53   1.769447  47   2.30326
336 38048 171   9.662898 178  13.81336
337 38096 641  63.360641 674  82.26912
338 38128 674  68.635155 766  78.68379
339 38160 246  15.052075 231  19.03478
340 38200 193  10.899449 173  13.46660
341 38248 636  62.572193 611  71.43176
342 38400 417  34.214930 456  48.78003
343 38640  40   1.103055 169  13.08235
344 38768 429  35.200271 382  38.75662
345 39256 175   9.895267 264  22.72546
346 39352 216  12.880972 266  22.83502
347 39784 785  88.785200 777  89.49203
348 40016 788  88.939265 771  89.00456
349 40040 766  83.289951 747  86.91802
350 40360 748  88.548631 713  90.40066
351 40400 162   8.974333 182  14.20268
352 40656 414  33.827042 386  39.45013
353 40744 593  55.234464 636  75.18487
354 40848 149   7.522827 114   7.68743
355 40960 101   4.532518 188  15.02930
356 41264 628  61.336277 594  68.90703
357 41272 106   4.825162 260  22.47037
358 41336 435  35.853432 425  44.18235
359 41392   4   0.009785   9   0.11238
360 41432  30   0.470989  21   0.60804
361 41440  86   3.675381  70   3.96518
362 41464 148   7.490762 128   8.48932
363 41512  57   2.056045  46   2.28142
364 41608 114   5.249764 139  10.00515
365 41680 711  77.856494 686  84.12239
366 41834 413  33.415338 373  37.54629
367 42016 775  86.155244 760  88.04940
368 42280 497  42.556046 462  49.27592
369 42352 639  63.014428 658  79.32371
370 42392 734  84.712830 720  90.93618
371 42472 377  28.729884 439  46.55925
372 42648  35   0.785592  33   1.26444
373 42688 642  63.365759 651  78.25923
374 42968 318  21.888572 294  27.20756
375 42976 782  88.042851 784  89.78169
376 42984 436  35.946023 401  41.24140
377 43000 704  74.939272 703  88.94637
378 43064 197  11.478843 177  13.77811
379 43128 317  21.865472 284  25.70433
380 43232 606  57.285205 597  69.47414
381 43248 422  34.586981 375  37.67750
382 43408 304  20.739915 270  23.62519
383 43656 145   7.302559 120   7.93323
384 43816 229  14.117890 207  16.95881
385 43928 622  60.068346 576  65.26402
386 43944  10   0.035635  13   0.27179
387 43968 694  72.860243 679  83.33637
388 44400 371  28.344768 331  31.27174
389 44664 274  18.085678 250  21.42469
390 45568 587  54.733408 543  61.59456
391 45592 655  65.290924 583  66.67038
392 45992 261  16.647083 229  18.58020
393 46000  74   3.078644  69   3.86204
394 46072 482  41.052413 428  44.50326
395 46120 654  64.985607 794 70.15717
396 46216 186  10.385557 170  13.32406
397 46264 649  64.271763 638  75.31055
398 46376 147   7.484510 132   8.94310
399 46392 251  15.698731 268  23.35012
400 46400 712  78.500133 775  88.34318
401 46568 684  70.835296 670  81.86256
402 46592 554  51.468653 497  55.29403
403 46888 638  62.738897 628  74.07882
404 46944 481  40.898738 598  69.67330
405 47000 219  13.099856 192  15.36634
406 47064 784  98.117837 770  98.91245
407 47080 619  59.894910 573  65.11390
408 47248 768  84.109449 767  88.76860
409 47344 163   9.017078 454  48.59840
410 47400 375  28.642041 355  33.99601
411 47424 496  42.401263 613  71.50662
412 47472  23   0.286797  23   0.73570
413 47544 108   4.928745 108   7.28592
414 47672 223  13.360990 232  19.10080
415 47968 238  14.582678 262  22.66471
416 48000  82   3.504161  81   4.47800
417 48048 263  16.655548 727  92.42140
418 48176 457  38.420746 412  42.21526
419 48376 132   6.345232 123   8.17733
420 48448 220  13.110317 187  15.01160
421 48696 213  12.771199 199  16.02422
422 48704 222  13.348241 196  15.81797
423 48856 630  61.599064 649  78.09989
424 48912 483  41.077944 465  49.65272
425 48960 578  53.536519 559  63.11093
426 49048 595  55.306447 536  60.21512
427 49128 405  32.267762 410  41.97338
428 49184 127   6.103728 149  11.39877
429 49272 690  72.147633 699  88.47350
430 49288 410  33.024562 385  39.35321
431 49304 487  41.478881 557  62.77877
432 49368 710  77.295762 673  82.23072
433 49400 599  55.901713 639  75.38073
434 49504 338  24.491977 324  30.65424
435 49552 714  79.352817 709  89.78849
436 49680 366  28.110931 447  47.47773
437 49720 499  42.837224 495  54.86921
438 49728  26   0.328650  28   0.97751
439 49760 756  90.932251 748  97.06059
440 49768 467  39.277923 420  43.32519
441 49920 527  47.521640 505  56.85275
442 49936 158   8.129292 237  19.68942
443 49944 445  36.944929 399  40.71390
444 50016 708  75.966275 693  86.04209
445 50088 314  21.330006 279  24.54057
446 50232 569  52.798440 560  63.12490
447 50272 177  10.134109 146  11.01928
448 50320 286  18.904036 402  41.26854
449 50432 771  94.479680 744  96.13362
450 50528 133   6.398844 104   6.97644
451 50544 178  10.182904 171  13.38070
452 50632 693  72.833712 690  85.32887
453 50720 777  86.427218 780  89.57144
454 50880 255  15.768850 202  16.73132
455 51144  59   2.077675 162  12.38957
456 51208 146   7.458036 129   8.66078
457 51488 605  57.146484 550  62.29339
458 51496 289  19.154576 255  22.09491
459 51592 491  41.789757 444  47.15432
460 51656 160   8.571315 175  13.60333
461 51880  96   4.168743  83   4.63611
462 51984 637  62.715085 642  75.93718
463 52264 731  83.930018 752  87.61331
464 52320 206  12.051731 181  14.15407
465 52432 143   7.041401 119   7.90260
466 52488 390  29.681918 372  36.89615
467 52616 287  19.079198 265  22.73432
468 52984 735  85.050991 717  90.66765
469 53088 254  15.767839 223  18.08892
470 53152 500  42.995910 431  45.01177
471 53160 534  48.276563 608  71.20783
472 53168 511  44.219206 627  73.89604
473 53184 199  11.589186 216  17.76275
474 53200 668  68.157807 637  75.26030
475 53248 715  79.503399 696  86.52022
476 53288 502  43.230136 493  54.43186
477 53296 128   6.126689 168  12.95242
478 53320 747  87.777565 749  97.09763
479 53336 557  51.736407 545  61.77822
480 53344 279  18.369748 353  33.50988
481 53448 355  26.370990 316  30.02325
482 53464 174   9.894993 242  20.11002
483 53496 344  25.103892 348  33.14996
484 53504 675  68.744534 646  77.35726
485 53544 786  98.806140 782  99.63035
486 53592 474  40.507913 436  45.72488
487 53712 235  14.458789 246  20.77989
488 53768 125   6.000846 101   6.83830
489 53880 631  61.670053 563  63.84335
490 53916  81   3.460568  71   3.98286
491 53920  16   0.148569  16   0.39405
492 53928  72   3.046680  65   3.60324
493 53944 453  37.816735 404  41.58567
494 53968 698  73.952517 733  94.24587
495 54016 562  52.153589 531  59.88865
496 54024 298  19.849942 310  28.76539
497 54104 361  27.505890 349  33.17946
498 54160 585  54.553882 691  85.62800
499 54184 144   7.194266 122   8.09781
500 54320 438  36.352233 572  64.95317
501 54352 198  11.480668 204  16.87508
502 54400 665  67.893197 671  81.99359
503 54656 319  21.906179 297  27.29698
504 54696 525  47.367685 565  64.09428
505 54728 552  51.327078 569  64.64147
506 54776  48   1.495183  56   2.98100
507 54816 276  18.269290 240  20.01587
508 54872 328  22.902363 374  37.55581
509 54888 388  29.588288 340  32.52152
510 54952 386  29.417571 359  34.67061
511 55000 449  37.463173 403  41.58218
512 55136  87   3.708250  87   5.24058
513 55456 513  44.626065 515  57.90013
514 55608 661  67.053641 667  81.13888
515 55664  41   1.105164  57   3.01055
516 55840 409  32.584144 358  34.32300
517 56008 259  16.067392 299  27.32619
518 56088 419  34.297597 392  40.22828
519 56408 686  71.644046 685  84.03276
520 56432 156   8.095062 134   9.22409
521 56496 191  10.764801 167  12.93032
522 56576 296  19.687764 281  24.89208
523 56792 437  36.330031 387  39.46895
524 56912 679  69.571252 629  74.11683
525 56928 743  86.910509 769  88.81332
526 57184 189  10.580514 152  11.68978
527 57232 347  25.432145 320  30.22690
528 57280 455  38.288481 417  43.15235
529 57544 484  41.117350 433  45.15404
530 57696 695  73.215404 687  84.37939
531 57720  12   0.052663   5   0.04480
532 57752 490  41.776363 476  51.44915
533 58032   7   0.013695   3   0.01369
534 58176  44   1.240751  38   1.67811
535 58304 446  37.028865 475  51.00419
536 58384  97   4.305146  80   4.47029
537 58432 573  53.194158 539  60.36643
538 58504 369  28.314247 345  32.75427
539 58872 667  68.019350 610  71.28393
540 58936  21   0.213560  58   3.11870
541 59054 267  17.302895 244  20.32725
542 59120 167   9.495843 235  19.60708
543 59384 214  12.814469 194  15.61197
544 59520 309  20.928672 278  24.42800
545 59616 790  89.090622 789 90.46383
546 59672 384  29.203904 337  31.88772
547 60008 530  47.785476 528  59.69165
548 60120 308  20.927136 334  31.73069
549 60136 751  88.976892 710  89.85830
550 60264 237  14.580309 326  30.75692
551 60456 597  55.447041 549  62.22390
552 60712 396  30.675791 376  37.72030
553 61168  43   1.229504  42   1.95724
554 61328  54   1.780744  43   2.06728
555 61496 517  45.147134 463  49.45375
556 61536 155   7.993490 130   8.67648
557 61632 398  30.827818 365  35.30947
558 61648 592  55.230492 591  67.85088
559 61864 536  48.410212 500  56.26253
560 61936 336  24.444657 329  31.21661
561 62048 480  40.858659 408  41.91505
562 62088 644  63.823035 630  74.43952
563 62128 598  55.625943 517  58.29994
564 62136 709  76.425081 665  80.31668
565 62264 277  18.329861 256  22.16355
566 62280 520  45.399049 458  48.94116
567 62304 647  64.008304 772  99.06766
568 62320 192  10.891365 164  12.64548
569 62416 433  35.665591 453  48.17476
570 62712 275  18.220029 289  26.14022
571 62744 313  21.312002 333  31.62263
572 62792  47   1.431705  76   4.18762
573 62920 547  49.878620 519  58.52803
574 63048 346  25.366808 459  48.95074
575 63064   5   0.010747   1   0.00818
576 63288 210  12.340247 179  13.89455
577 63408 519  45.302590 469  50.21232
578 63808 172   9.835035 200  16.12851
579 64200 773  95.392568 750  97.21609
580 64376 632  61.700607 602  70.78922
581 64432 376  28.652084 347  32.88811
582 64784 610  57.971818 585  66.73427
583 64832   9   0.030033   4   0.03745
584 64856 576  53.274373 719  90.75375
585 65000  28   0.376221  22   0.64037
586 65112 548  49.987615 601  70.05444
587 65256  69   2.760710  59   3.22888
588 65336 621  60.064014 547  62.13538
589 65392 330  23.425623 315  29.99902
590 65496 733  84.467848 757  87.76321
591 65736 671  68.599164 640  75.41721
592 65944 699  74.311262 675  82.43765
593 66016 789  89.083798 788 90.19228
594 66192  71   3.005282  75   4.17381
595 66232 230  14.158435 209  17.07307
596 66320 452  37.738907 383  39.31611
597 66440 603  56.518087 625  73.48816
598 66560 470  40.172465 508  57.10748
599 66576 262  16.648582 234  19.54172
600 66720 450  37.477259 414  42.73112
601 67120 717  79.764449 681  83.64554
602 67224 604  56.637734 514  57.81721
603 67304 282  18.725356 248  21.01775
604 67584  68   2.743772  67   3.77481
605 67616 645  63.967676 604  70.82181
606 67632 356  26.484412 313  29.75396
607 67648 478  40.777664 533  59.91914
608 67848 546  49.746552 542  61.45602
609 68072 322  22.071775 468  50.08286
610 68096  36   0.866939 191  15.35833
611 68104 234  14.457226 198  15.99644
612 68152  17   0.159484 193  15.59745
613 68312 542  49.028786 520  58.68944
614 68328 385  29.323437 426  44.32733
615 68432 432  35.516130 432  45.01951
616 69216 740  86.089822 741  85.80338
617 69248 297  19.739655 276  24.18489
618 69309   2   0.004541   6   0.05835
619 69360 465  39.211783 490  53.67234
620 69368 702  74.539589 745  86.48516
621 69376 368  28.309716 541  60.90077
622 69400  32   0.581656  24   0.74591
623 69416  78   3.382178  66   3.66998
624 69616 529  47.642728 626  73.52064
625 69680 677  69.048034 644  76.89576
626 69752 250  15.668855 221  18.04048
627 69776 713  78.715337 697  87.15910
628 69800 131   6.338762 113   7.68402
629 70040 728  83.222672 721  91.32265
630 70056  75   3.123129 153  11.69954
631 70224 643  63.661527 612  71.45732
632 70248 116   5.400510  96   6.60002
633 70304 727  83.101741 743  86.00194
634 70352 367  28.229153 343  32.62609
635 70376 416  34.178602 501  56.39916
636 70408 764  92.742130 790 90.55163
637 70464 504  43.366565 537  60.21585
638 70744  14   0.117572  10   0.15048
639 70880 105   4.824140  93   5.99581
640 71144 362  27.686840 384  39.33506
641 71176 341  24.819028 303  27.69779
642 71248 514  44.632053 530  59.81989
643 71256 617  59.799311 650  78.25631
644 71320 103   4.647894 118   7.86335
645 71424 767  83.992251 746  86.51532
646 71688 166   9.227234 172  13.46473
647 71776 294  19.677435 261  22.53342
648 71976 759  91.548989 762  98.32738
649 72072 466  39.249763 411  42.08895
650 72080 303  20.715450 406  41.71559
651 72168 535  48.281762 507  56.99327
652 72192 225  13.462452 277  24.41241
653 72216 118   5.470515 259  22.45613
654 72344  27   0.373527  30   1.07104
655 72376  49   1.560817  37   1.56734
656 72448 770  84.270271 751  87.33967
657 72592  11   0.047214   8   0.10298
658 72648 650  64.320132 660  79.72654
659 72704 323  22.099950 330  31.23569
660 72736 394  30.503401 361  34.81198
661 72872 364  27.865791 339  32.39879
662 72920 351  25.728958 370  36.71398
663 72960 572  53.029140 538  60.24077
664 73192 332  23.674150 367  36.00875
665 73784 401  31.115760 342  32.61260
666 73808  70   2.891220  62   3.55293
667 73888 503  43.360430 532  59.89625
668 74184 648  64.169682 571  64.87167
669 74224 761  92.305134 736  94.63809
670 74232 428  35.194538 379  38.19948
671 74288 269  17.654799 247  21.00540
672 74888 721  81.756446 728  92.68745
673 75000 443  36.759288 429  44.62380
674 75024 581  54.299070 534  59.94673
675 75136 550  50.948587 498  55.45739
676 75168 746  87.755295 737  94.73007
677 75248  33   0.713102  25   0.82473
678 75568 305  20.757963 282  25.06984
679 75584 471  40.237599 485  52.48835
680 75648  58   2.063709  44   2.19612
681 75816 183  10.358373 141  10.54433
682 75832 720  80.493459 711  89.96834
683 75888 404  31.919678 368  36.21598
684 75944 331  23.446208 291  26.38934
685 76032 357  26.585283 307  28.39672
686 76104 532  48.206363 486  52.92008
687 76144 221  13.190492 205  16.91911
688 76184 218  13.058982 220  18.01119
689 76496 379  28.974318 319  30.19031
690 76536 485  41.393316 589  67.22610
691 76560 518  45.190765 451  47.72880
692 76632 339  24.525212 288  26.02423
693 76648 184  10.363359 158  12.02351
694 76696 627  60.961678 643  76.71793
695 76744 334  23.892324 304  27.84089
696 76808 780  87.692141 755  93.68934
697 76848 755  90.869526 754  93.67448
698 77168 284  18.804668 285  25.76167
699 77184 111   5.155077 121   7.97934
700 77232 137   6.547902 115   7.72974
701 77272 582  54.308607 554  62.46555
702 77288 159   8.375143 302  27.50367
703 77304  18   0.159934  26   0.93955
704 77392 516  44.952020 464  49.59416
705 77584 430  35.388044 389  39.60709
706 77784 754  80.174290 740  85.46593
707 77832 109   4.940290 180  14.11087
708 77912 448  37.381402 391  40.12940
709 78008 469  39.567188 405  41.63628
710 78168 705  75.193549 722  91.32948
711 78240  20   0.192504  12   0.23256
712 78448 325  22.488426 290  26.36267
713 78456 321  21.995460 321  30.24239
714 78616 703  74.669888 645  77.15786
715 78712 326  22.768933 300  27.33035
716 79424 739  86.043658 698  87.68271
717 79472 544  49.498694 513  57.60763
718 79504 164   9.149209 140  10.37039
719 79644 244  15.013113 241  20.07758
720 79768 278  18.351367 586  66.96056
721 79776 299  19.874574 296  27.26263
722 79912 760  91.549705 791 90.59445
723 80032 583  54.313672 511  57.36673
724 80040 459  38.439503 466  49.74257
725 80288 381  29.128481 364  35.28066
726 80368 494  42.146946 562  63.40731
727 80600 408  32.555163 434  45.44434
728 80800 652  64.413990 689  85.06329
729 80880 563  52.231327 558  62.93548
730 81424 415  33.861875 457  48.91659
731 81456 290  19.295932 308  28.59807
732 81616 738  85.728838 730  93.17288
733 81648 757  81.018591 776  89.47873
734 81712  61   2.155436  55   2.67479
735 81824 102   4.571927 136   9.43246
736 81832 444  36.876183 455  48.61490
737 81856 154   7.734960 127   8.35712
738 82080 793 90.025805 787  90.95441
739 82128 509  44.059367 473  50.64131
740 82160 363  27.842145 328  30.89381
741 82200 129   6.183968 105   7.01634
742 82296  19   0.180042  11   0.16499
743 82344 113   5.232220  99   6.70420
744 82616 402  31.191977 357  34.07895
745 82736 281  18.641404 258  22.39724
746 82832 501  43.110859 521  58.77363
747 82848 762  82.512044 768  88.79243
748 82968 625  60.327409 606  70.93525
749 83104  34   0.716133  40   1.77694
750 83136  88   3.722851  77   4.33038
751 83200 442  36.752796 424  43.94331
752 83328 153   7.713345 157  11.88866
753 83376 301  20.286043 274  23.82117
754 83472  84   3.584576  64   3.59635
755 83496 515  44.776523 504  56.72525
756 83512  79   3.384239  68   3.83680
757 83584   8   0.026163   7   0.08952
758 83680 669  68.305565 700  88.68339
759 83736 479  40.791249 443  47.10337
760 83856 769  84.221376 778  89.52950
761 83928 495  42.366842 633  75.00529
762 84272 676  69.043234 656  79.19102
763 84288 423  34.630417 648  77.79111
764 84376 624  60.259256 556  62.74277
765 84440 202  11.851446 189  15.06995
766 84512   6   0.012132   2   0.01222
767 84552 302  20.335430 332  31.30318
768 84704 187  10.425704 147  11.06995
769 85188  45   1.298352  36   1.55151
770 85272 660  67.014277 683  83.75156
771 85320 247  15.159813 217  17.81538
772 85496 653  64.634426 617  72.76383
773 85528 729  83.316193 694  86.11822
774 85592 151   7.660100 163  12.55160
775 85632 424  34.639527 381  38.44623
776 85664 157   8.113770 133   9.16936
777 85728 181  10.324919 165  12.72376
778 86056 272  17.862327 309  28.70685
779 86128 169   9.587863 161  12.30530
780 86160 139   6.705176 106   7.18482
781 86528 283  18.803146 325  30.65930
782 86560 350  25.702712 305  28.18718
783 86568 685  71.449917 682  83.65447
784 86640 241  14.823063 263  22.72307
785 86656 640  63.295174 707  89.58642
786 86856 783  88.115745 783  89.67208
787 86880 240  14.728713 298  27.32052
788 86920 324  22.295424 317  30.02677
789 86968 134   6.414005 109   7.39795
790 87080 236  14.499331 257  22.29915
791 87208 211  12.654053 480  51.90363
792 87224 741  86.524160 729  92.85167
793 87232 556  51.675152 522  58.79408
794 87272 488  41.563848 492  54.39420
1    820 17 16.9232 35 35.9895
2   2000 15 15.5580 22 24.4381
3   2184 18 16.9823 16 18.9182
4   3088 42 36.7263 41 45.8989
5   4792 31 27.0767 36 37.1646
6   6088 47 46.9029 55 77.7004
7   8040 54 70.7151 54 75.8876
8  10464 45 43.5638 44 50.4736
9  11232 35 29.9694 31 31.7923
10 13208 23 20.1047 29 30.7224
11 13704 39 35.0980 37 38.5563
12 14712 19 17.6448 18 21.5126
13 15776 49 50.7125 48 65.5650
14 16296  4  4.3711  5  7.2423
15 20136 40 35.9632 39 41.2198
16 20432 41 36.6806 38 40.6762
17 21648 22 19.6653 21 24.3104
18 24000 21 19.1143 23 24.7981
19 25360 33 28.9954 30 31.4217
20 27456 43 40.2636 40 42.1642
21 31200  3  3.6474  3  5.1783
22 32800 37 30.3651 42 46.3596
23 33408  1  0.0295  1  0.0316
24 34064  2  2.1358  2  2.9065
25 37784 20 18.2563 17 19.7690
26 38288 52 62.1523 50 68.5009
27 41216  7  6.2644 10 12.6180
28 42168 36 30.1471 32 33.3573
29 44128 53 65.8867 52 71.8168
30 44864 10  8.1112  7  8.7815
31 46256 38 30.4781 34 34.5714
32 48360 25 20.7210 20 23.4523
33 50344 14 14.6004 13 16.6590
34 50408 30 25.9066 27 29.5722
35 52584  6  6.0180  9 12.4107
36 53368 29 24.6986 25 27.3819
37 53736 27 23.1520 24 25.8130
38 56456 34 29.6320 33 34.2490
39 57976 11  8.5214  8  9.1763
40 60000  9  7.6408 11 12.9145
41 61000 13 14.5066 15 18.4300
42 61048 26 23.0297 28 30.2079
43 62432 12 13.2246 12 15.3610
44 63624 32 27.2325 43 48.4810
45 67344  5  4.9498  4  5.5269
46 69000 28 23.5770 26 27.8656
47 69600 48 49.5737 45 52.6297
48 69720 24 20.2831 19 22.4291
49 75304 56 78.3482 56 87.6429
50 76904 51 61.8239 49 65.7493
51 78528 16 16.0612 14 18.1776
52 81000 50 61.6065 51 70.8331
53 81328  8  7.5121  6  8.7063
54 85152 46 44.8079 46 56.4222
55 85312 55 71.1843 53 72.5544
56 87048 44 41.6855 47 61.6667

