No   ID         RANK2018 RATIO2018  RANK2099 RATIO2099
1     116 139  6.0675 114   6.6351
2     364 241 13.0258 215  14.3968
3     540 116  5.3177 126   7.2882
4     572 288 16.3301 249  18.1711
5     628 383 22.7475 364  27.1978
6     660 306 17.3788 254  18.4363
7     676  35  0.9984  30   1.1885
8     756 807 89.7306 808 90.0000
9     988 279 15.8984 255  18.4676
10   2264  90  4.0580 175  10.8286
11   2288 337 19.1397 555  46.9664
12   2720 631 48.4341 643  60.9767
13   2752 790 87.4540 770  88.7604
14   2832 148  6.6793 138   8.1580
15   2928  64  2.6566  65   3.7075
16   3120 297 17.0819 250  18.2056
17   3264 208 10.5296 184  11.4010
18   3272 531 36.5948 509  41.7835
19   3296 505 34.1615 480  38.4819
20   3320 646 50.0180 631  58.1931
21   3384 619 47.0819 608  53.4478
22   3392 630 48.1844 747  81.4210
23   3480  14  0.2029   9   0.2827
24   3488 548 38.0330 589  50.7823
25   3576 152  6.9933 128   7.3360
26   3608  94  4.3389  84   4.8916
27   3632 754 72.6614 784  92.4811
28   3640 376 21.8053 328  23.8939
29   3656 641 49.3952 624  57.1700
30   3688 526 35.9971 599  52.3444
31   3736 189  9.0182 221  15.4606
32   3928 100  4.6732  94   5.3621
33   4032 206 10.4734 180  11.1883
34   4136  24  0.5384  18   0.7454
35   4432 305 17.3134 273  19.6399
36   4599 256 14.4837 229  16.2862
37   4688 224 11.5101 244  17.9362
38   4816 102  4.9116 102   5.9482
39   4848 346 19.7697 284  20.6486
40   4896 397 24.1376 343  25.1922
41   4944 718 62.0716 731  77.6265
42   4984 798 93.9846 799  98.7298
43   5216  97  4.6496  86   5.0755
44   5256 262 14.7441 246  18.0642
45   5288 461 29.1588 419  32.6636
46   5312 107  5.1186 105   6.2036
47   5384 786 84.0556 776  90.9184
48   5504 229 11.9002 217  15.1142
49   5648 725 65.0260 698  70.3169
50   5672 209 10.5659 193  12.0353
51   5680 781 82.3146 752  82.3708
52   5848 759 75.4134 758  84.2354
53   5888 685 54.8053 692  69.3732
54   5936 231 12.2800 212  14.2437
55   6064  23  0.4854  15   0.5993
56   6240 135  5.8923 125   7.2862
57   6344 709 59.0809 673  64.7518
58   6504 482 31.0948 470  37.4839
59   6560 593 42.3889 727  76.3565
60   6824 522 35.7696 540  45.5481
61   6904 467 29.7460 612  54.3503
62   6928 365 21.0670 310  22.3605
63   7000 441 27.7378 459  36.3527
64   7040 162  7.3051 152   9.2497
65   7120   5  0.0322   4   0.1015
66   7160 325 18.4728 276  19.8398
67   7480 765 76.8629 771  89.1611
68   7712 316 18.1368 321  22.9099
69   7880 509 34.6035 500  40.8847
70   7960  89  4.0034  75   4.2855
71   7976 510 34.6439 462  36.4759
72   7992 701 57.6614 663  63.5749
73   8472 741 68.0225 696  70.1645
74   8568 559 38.9081 567  48.0823
75   8624 569 39.8956 538  45.2881
76   8632 643 49.5212 620  56.0277
77   8744  95  4.3393  91   5.3040
78   8760   9  0.1436  88   5.1285
79   8960 740 67.9574 714  73.3445
80   9080 173  8.0318 154   9.3720
81   9224 424 26.3457 412  31.9556
82   9432 462 29.1881 422  33.0335
83   9528 339 19.1560 294  21.2131
84   9696 257 14.5754 227  16.1010
85  10224 623 47.4327 580  49.9317
86  10240 601 42.9199 576  49.2251
87  10256 613 44.9006 632  58.3107
88  10280 699 57.4452 652  61.9176
89  10768 159  7.1077 142   8.2402
90  10792 300 17.1589 444  35.5350
91  10800 583 41.5050 546  45.9511
92  10808 108  5.1207  95   5.5658
93  10912 558 38.8872 539  45.4186
94  11000  39  1.4177  41   2.0673
95  11152 468 29.8261 443  35.3291
96  11160 594 42.4218 524  44.0625
97  11272 430 27.2196 455  36.1333
98  11328 282 16.1029 304  21.9044
99  11336 493 31.8097 490  39.6378
100 11472 303 17.2774 269  19.5680
101 11616 752 71.9169 717  74.2100
102 11624 700 57.5731 683  66.6280
103 11680 140  6.1313 116   6.6927
104 11720 610 44.6500 667  63.9429
105 11736 684 54.5591 676  65.1214
106 12104 617 46.6327 710  72.9817
107 12184 654 50.6747 622  56.7089
108 12224 123  5.4584 113   6.6231
109 12296 587 42.0027 551  46.5111
110 12496  54  2.1264  48   2.4206
111 12504 519 35.5490 499  40.8359
112 12536 589 42.0729 604  52.7279
113 12656 145  6.5159 124   7.2705
114 12704 541 37.2504 518  42.8268
115 13120 528 36.2147 489  39.5343
116 13152  92  4.1440  89   5.2206
117 13232 144  6.3739 141   8.2334
118 13240 707 59.0086 650  61.5377
119 13392 595 42.5150 534  44.8368
120 13440 267 15.2188 240  17.3470
121 13512 440 27.7292 425  33.4560
122 13608  59  2.4827  53   2.6799
123 13776 323 18.4131 488  39.1947
124 13800  48  1.8526  52   2.6760
125 13832 302 17.2586 340  24.8385
126 13896 804 98.2904 798  98.5735
127 14064 757 74.5396 756  83.4167
128 14160 349 19.9876 517  42.8058
129 14264 181  8.5643 159   9.6512
130 14376 143  6.3649 120   6.8663
131 14520 673 53.6659 641  60.5897
132 14568 616 46.4927 581  49.9984
133 14584 675 53.7371 616  55.2947
134 14600 163  7.3139 136   7.9540
135 14640 727 65.1799 679  65.9590
136 14656 534 36.7635 502  40.9946
137 14800 696 57.0980 684  67.2836
138 14896  25  0.5519  21   0.8592
139 15192 538 37.1642 573  48.9129
140 15232  67  2.8678  59   3.2167
141 15384 217 11.0343 204  13.1393
142 15432 632 48.6531 590  50.9904
143 15680 694 56.6072 653  62.1333
144 15744 432 27.2869 415  32.3053
145 15760 503 33.7558 460  36.3844
146 15848 460 29.1027 434  34.2375
147 15872 554 38.6177 532  44.7032
148 15888 131  5.7924 111   6.5111
149 16056  57  2.3244  47   2.4114
150 16080 639 49.2027 610  54.0913
151 16128 371 21.4803 440  34.9800
152 16144 480 30.9278 463  36.5352
153 16256  63  2.6370  56   3.0159
154 16448 368 21.3208 307  22.1758
155 16568  88  3.9104  72   4.1409
156 16848 295 16.8673 359  26.8001
157 16960 249 13.8136 263  19.3291
158 17024 683 54.4654 649  61.5281
159 17136  93  4.2068  83   4.8498
160 17152 447 28.3141 436  34.6828
161 17840 450 28.4894 560  47.7455
162 18000 629 48.0241 725  76.2013
163 18048 195  9.8901 183  11.3771
164 18088 111  5.2148 103   6.0279
165 18136 734 67.2212 726  76.2504
166 18152 387 23.3306 352  26.1785
167 18192 805 88.6953 807 90.0000
168 18272 407 24.7329 451  36.0055
169 18360 764 76.8134 791  96.0185
170 18400 320 18.2967 312  22.4106
171 18496  86  3.8686  79   4.6385
172 18576 557 38.8199 607  53.0442
173 18736 420 25.8689 370  27.8516
174 18888 487 31.5214 449  35.8538
175 18960 132  5.8051 108   6.3690
176 19160 236 12.6315 218  15.1595
177 19208  29  0.7207  40   1.7953
178 19536 373 21.7029 350  26.0890
179 19696 154  7.0159 148   8.6710
180 19752 662 52.2829 681  66.2664
181 19856 381 22.5027 334  24.4421
182 19976 385 23.2054 388  29.3781
183 20144 703 58.0609 700  70.8720
184 20152 248 13.7664 214  14.3519
185 20216 333 19.0128 379  28.5870
186 20240 645 49.8070 678  65.5611
187 20248 794 89.8826 778  91.3287
188 20328 490 31.6951 442  35.1374
189 20352 187  8.9681 167  10.0970
190 20424 246 13.6674 222  15.4675
191 20512 458 29.0255 418  32.6566
192 20528 255 14.4467 219  15.1627
193 20648  36  1.0510  26   1.1197
194 20776 171  7.8889 140   8.2123
195 20792 755 72.9912 750  81.7616
196 20840 393 23.7012 416  32.3055
197 20904 319 18.2884 332  24.1305
198 20992 667 53.0251 690  68.8826
199 21200  56  2.2610 119   6.8348
200 21688 166  7.5026 163   9.8832
201 21712 628 47.8035 585  50.2596
202 21752 307 17.4528 339  24.8283
203 21816 125  5.5361 158   9.5807
204 21872 634 48.7432 671  64.6779
205 21968 626 47.6944 677  65.4021
206 21976 753 72.5382 734  78.1036
207 22144 104  5.0112  92   5.3149
208 22264  79  3.3835  69   4.0406
209 22296 705 58.4783 651  61.8914
210 22520 165  7.4464 137   8.0720
211 22576 516 35.2548 493  39.9804
212 22608 330 18.8844 336  24.6227
213 22672 688 55.5395 645  61.1193
214 22712 283 16.1055 281  20.4676
215 22800 442 27.8641 406  31.1276
216 22888 664 52.4108 636  59.1996
217 22960 247 13.6917 226  16.0329
218 22992 597 42.7328 559  47.5288
219 23016 455 28.7186 467  37.4363
220 23152 624 47.5008 587  50.6605
221 23280 672 53.5876 783  92.4758
222 23296 304 17.2905 265  19.4122
223 23304 164  7.4109 384  29.0395
224 23440  26  0.5980  27   1.1268
225 23568 412 25.0448 431  34.0164
226 23584 146  6.5338 145   8.3113
227 23600 750 71.6658 744  81.0419
228 23616 384 23.0022 404  31.0087
229 23768 396 24.0980 399  30.4222
230 23832 389 23.4045 373  28.1992
231 24040 340 19.3710 302  21.8178
232 24160 682 54.1465 633  58.3295
233 24248 477 30.7450 475  38.0801
234 24304 714 60.6028 708  72.3490
235 24336 636 48.9038 639  60.1178
236 24392 555 38.6535 545  45.8394
237 24432 335 19.0478 279  20.4045
238 24488 331 18.9987 320  22.8318
239 24536 386 23.2422 393  29.7841
240 24560 563 39.1735 536  45.0892
241 25136 556 38.6992 568  48.1348
242 25152 504 34.1348 507  41.7293
243 25456 553 38.4977 531  44.6634
244 25584 314 17.8219 262  19.2638
245 25680 652 50.2424 640  60.1253
246 25944 603 43.4626 544  45.8328
247 26280 481 30.9388 552  46.5928
248 26296 748 69.9803 789  94.5779
249 26408 457 29.0244 446  35.6277
250 26512 747 69.4060 706  72.0292
251 26560  87  3.8754  85   4.9348
252 26760 452 28.5724 398  30.3776
253 26880 788 86.1880 763  86.1880
254 27008 137  5.9392 131   7.5105
255 27112 471 29.9238 474  37.7787
256 27120  50  1.9986  44   2.1477
257 27360 618 46.9127 647  61.1495
258 27552  51  2.0399  45   2.1938
259 27688 133  5.8282 134   7.9428
260 27696 332 19.0052 353  26.2028
261 27712 507 34.1715 503  41.0241
262 27760 633 48.7205 693  69.4814
263 27784 498 32.7827 461  36.4212
264 28280 542 37.2765 523  44.0192
265 28520 523 35.8786 498  40.7495
266 28824 244 13.4399 561  47.7531
267 28960 134  5.8666 132   7.7338
268 29088 491 31.7528 448  35.8310
269 29232 347 19.8421 288  20.9178
270 29264 517 35.3864 473  37.7061
271 29392 627 47.7182 597  52.1950
272 29432 401 24.2637 374  28.2078
273 29512 200 10.1878 207  13.7024
274 29568 417 25.6736 505  41.3729
275 29592 353 20.2652 344  25.2055
276 29632 576 40.4271 569  48.3602
277 29732 352 20.2562 457  36.2162
278 29760 194  9.8651 179  11.0997
279 30016 394 23.7793 497  40.3939
280 30128 656 51.1607 611  54.3092
281 30280 238 12.7724 223  15.5817
282 30600  62  2.6001  54   2.9625
283 30728 793 89.8122 785  92.9390
284 30896 204 10.3899 192  11.9474
285 31082 101  4.7576  87   5.1095
286 31088 465 29.5253 479  38.4586
287 31192 698 57.1834 670  64.4498
288 31256   7  0.1190   7   0.2239
289 31328 435 27.5620 432  34.1348
290 31656 580 40.9418 547  46.0891
291 32032 322 18.3558 516  42.7377
292 32056 380 22.2665 351  26.1723
293 32080 796 90.3122 787  93.6416
294 32120 581 41.0497 558  47.4964
295 32688 642 49.3973 638  59.4619
296 32936 254 14.3550 220  15.4335
297 33000 103  4.9160 118   6.8343
298 33080 175  8.4331 160   9.7294
299 33088 285 16.1518 271  19.5887
300 33112 122  5.4226 112   6.6178
301 33200 679 54.0134 687  68.2582
302 33216 606 43.9335 668  63.9974
303 33312 324 18.4131 319  22.8237
304 33592 737 67.8035 754  82.6137
305 33744 405 24.6568 450  35.9093
306 34080 489 31.6505 421  33.0101
307 34664 658 51.6079 695  69.7826
308 35224 663 52.3679 715  73.4578
309 35408 661 52.1030 658  63.1665
310 35424 571 40.1659 543  45.6870
311 35488 345 19.6770 290  21.0983
312 35520 395 23.9466 371  27.9772
313 35576 315 17.8489 268  19.5535
314 35608 499 32.8626 487  39.1544
315 35624 449 28.4232 402  30.7096
316 35648 669 53.1699 644  61.0580
317 35896 612 44.8598 619  55.6443
318 35928 278 15.8695 241  17.4354
319 35960 719 62.9577 741  80.4003
320 36160 799 94.2718 797  98.2181
321 36192 648 50.0657 655  62.8051
322 36232 358 20.6091 537  45.1118
323 36288 406 24.7200 423  33.3440
324 36368 560 38.9377 570  48.3910
325 36592 670 53.4254 659  63.2342
326 36616 547 37.9965 512  42.2821
327 36640 792 89.5142 774  90.2970
328 36816  71  3.2023  68   4.0239
329 36888 127  5.6790 121   6.8955
330 36944 176  8.4396 174  10.8016
331 37000  98  4.6567 333  24.1404
332 37192 653 50.2758 630  57.7686
333 37208 269 15.2822 230  16.3087
334 37496 213 10.7610 188  11.8454
335 37640  41  1.5291  39   1.7933
336 37696 513 34.7975 484  39.0432
337 37792 537 37.0682 481  38.7326
338 37955 185  8.9097 171  10.4565
339 38000  44  1.7166  46   2.2349
340 38048 296 17.0789 297  21.3047
341 38096 708 59.0699 719  74.7434
342 38128 745 68.5505 792  96.1251
343 38160 221 11.2770 203  13.0926
344 38200 136  5.9350 127   7.2954
345 38248 470 29.8674 453  36.0705
346 38400 644 49.7449 646  61.1268
347 38640 155  7.0523 349  26.0115
348 38768 429 26.9959 392  29.6574
349 39256 250 13.8501 358  26.7590
350 39352 259 14.6293 330  23.9255
351 39784 802 86.0324 794  86.7436
352 40016 808 89.9403 805  89.9403
353 40040 638 49.0887 594  51.9449
354 40360 721 63.5189 675  65.0604
355 40400 289 16.5196 300  21.7244
356 40656 437 27.6308 417  32.5741
357 40744 681 54.1433 702  71.1207
358 40848 203 10.3744 177  10.9762
359 40960 275 15.6179 354  26.4105
360 41264 535 36.7654 506  41.5190
361 41272  75  3.3189 216  15.0358
362 41336 356 20.3792 341  24.8662
363 41392  52  2.0430  57   3.0801
364 41432  31  0.7673  25   1.0089
365 41440 118  5.3778  99   5.8943
366 41464 172  7.9041 147   8.6318
367 41512  68  2.9504  62   3.3790
368 41608  74  3.2454  82   4.8196
369 41680 770 78.6424 759  84.8142
370 41834 655 50.9510 615  55.0347
371 41848  34  0.8513  24   0.9433
372 42016 780 82.3009 760  84.9151
373 42280 549 38.1551 529  44.5686
374 42352 723 64.3743 736  78.2984
375 42392 744 68.3353 712  73.1254
376 42472 486 31.5190 564  47.7657
377 42648  30  0.7304  29   1.1744
378 42688 574 40.2962 596  52.1706
379 42968 378 22.0493 361  26.9906
380 42976 800 85.2833 795  86.8229
381 42984 357 20.4820 306  22.0736
382 43000 730 65.9962 735  78.2645
383 43064 170  7.8869 161   9.7837
384 43128 223 11.4915 200  12.8652
385 43232 712 59.7465 701  70.9367
386 43248 453 28.5775 396  30.3375
387 43408 121  5.3993 117   6.7175
388 43656 230 11.9342 206  13.1584
389 43816 251 13.9486 234  17.0683
390 43928 454 28.5955 420  32.7335
391 43944   3  0.0261  23   0.9366
392 43968 438 27.6684 445  35.5813
393 44400 422 25.9088 378  28.5382
394 44664 179  8.4848 165   9.9875
395 45568 582 41.1332 549  46.2139
396 45592 496 32.3890 424  33.3705
397 45992 150  6.8585 135   7.9463
398 46000  81  3.5091  74   4.2766
399 46072 372 21.5078 324  23.2458
400 46120 697 57.1361 803  79.6638
401 46216 367 21.2819 327  23.8417
402 46264 713 60.2161 697  70.2954
403 46376 211 10.7414 198  12.6199
404 46392 253 14.2678 287  20.9076
405 46400 742 68.2698 781  91.6255
406 46568 715 61.1890 694  69.5265
407 46592 488 31.5374 428  33.7697
408 46888 724 64.5846 720  75.0680
409 46944 609 44.5779 625  57.1703
410 47000 191  9.6863 178  11.0137
411 47064 622 47.4116 566  47.9694
412 47080 640 49.3854 613  54.4984
413 47248 749 70.0498 729  76.8904
414 47344 138  5.9576 414  32.1530
415 47400 326 18.5123 323  23.2185
416 47424 649 50.0671 718  74.3006
417 47472  20  0.4349  16   0.6354
418 47544 160  7.2798 187  11.5574
419 47672 232 12.3923 239  17.2806
420 47968 182  8.6851 191  11.9309
421 48000  78  3.3538  76   4.4886
422 48048 404 24.5618 748  81.4959
423 48176 360 20.8516 317  22.7239
424 48376 226 11.5954 209  13.9529
425 48448 130  5.7552 115   6.6551
426 48696 414 25.1006 383  29.0284
427 48704 215 10.8762 202  12.9688
428 48856 483 31.3991 504  41.0756
429 48912 584 41.5983 574  48.9602
430 48960 647 50.0387 621  56.6896
431 49048 514 35.0197 482  38.8968
432 49128 484 31.4599 496  40.1721
433 49184 129  5.7241 155   9.3780
434 49272 720 63.3494 733  78.0660
435 49288 605 43.7716 572  48.6083
436 49304 598 42.7770 661  63.3098
437 49368 739 67.9035 711  73.0916
438 49400 680 54.0679 709  72.6740
439 49504 500 32.9976 478  38.4246
440 49552 768 78.1034 768  87.9536
441 49680 439 27.7083 510  41.8154
442 49720 382 22.5324 405  31.1187
443 49728  43  1.6991  60   3.2560
444 49760 767 77.7697 765  86.4845
445 49768 374 21.7279 337  24.6344
446 49920 533 36.6651 522  43.7115
447 49936 198 10.1096 381  28.9660
448 49944 436 27.6041 382  29.0116
449 50016 756 73.6729 753  82.4434
450 50088 342 19.4299 308  22.2135
451 50232 564 39.2073 556  47.0245
452 50272 202 10.3635 181  11.2528
453 50320 260 14.6558 408  31.2791
454 50432 784 83.7202 762  85.4685
455 50528 126  5.6092 104   6.0768
456 50544 227 11.6220 211  14.2041
457 50632 746 68.7249 738  79.1127
458 50720 791 87.6156 772  89.9187
459 50880 301 17.1872 258  18.9452
460 51144  72  3.2117 197  12.6153
461 51208 216 10.9845 190  11.9278
462 51488 604 43.7254 563  47.7572
463 51496 338 19.1536 305  21.9083
464 51592 463 29.3939 413  32.0451
465 51656 219 11.1555 235  17.0734
466 51880  85  3.8171  73   4.2211
467 51984 677 53.9084 664  63.5815
468 52264 783 82.8777 796  97.4292
469 52320 210 10.6874 196  12.5260
470 52432  82  3.6591  71   4.1118
471 52488 497 32.7184 495  40.1152
472 52616 274 15.5688 242  17.5499
473 52984 716 61.4393 724  75.7141
474 53088 120  5.3936 107   6.3231
475 53152 448 28.4213 389  29.4023
476 53160 567 39.7068 601  52.4136
477 53168 665 52.6239 713  73.2284
478 53184 117  5.3410 146   8.3408
479 53200 731 66.1043 723  75.6985
480 53248 743 68.3019 728  76.5237
481 53288 588 42.0638 603  52.6326
482 53296 233 12.4497 267  19.5273
483 53320 775 80.3490 775  90.8970
484 53336 539 37.2006 527  44.1910
485 53344 317 18.1781 403  30.9927
486 53448 291 16.6359 259  18.9733
487 53464 212 10.7572 278  20.2460
488 53496 351 20.1785 348  26.0094
489 53504 485 31.4894 469  37.4617
490 53544 797 92.0674 788  94.3872
491 53592 512 34.7693 486  39.0827
492 53712 240 12.9894 252  18.2573
493 53768 110  5.1782  96   5.6876
494 53880 577 40.4638 513  42.5247
495 53916  55  2.1657  49   2.4739
496 53920  17  0.3324  19   0.7590
497 53928 299 17.1305 257  18.7962
498 53944 354 20.2668 303  21.8356
499 53968 710 59.3964 737  78.4291
500 54016 472 29.9646 433  34.2002
501 54024 411 25.0138 426  33.5348
502 54056  32  0.8045  22   0.8708
503 54104 321 18.3351 301  21.7919
504 54160 686 55.1518 761  85.3953
505 54184 177  8.4503 156   9.3954
506 54320 544 37.6708 666  63.6893
507 54344  66  2.7636  58   3.1198
508 54352 265 14.8678 264  19.3892
509 54400 551 38.2691 521  43.6947
510 54656 410 24.9676 394  30.3253
511 54696 637 49.0411 672  64.6805
512 54728 578 40.7069 592  51.4009
513 54776 109  5.1360 122   7.1906
514 54816 298 17.1143 256  18.6914
515 54872 427 26.8593 519  43.0086
516 54888 421 25.8955 385  29.0669
517 54952 428 26.8635 411  31.6838
518 55000 409 24.8877 365  27.2745
519 55136  96  4.4568 101   5.9155
520 55456 572 40.2029 584  50.2549
521 55608 732 66.4774 742  80.4627
522 55664 128  5.7139 157   9.4019
523 55840 445 28.1154 390  29.6292
524 56008 245 13.4731 295  21.2261
525 56088 466 29.7258 435  34.6602
526 56408 689 55.5553 703  71.7142
527 56432  80  3.4134  78   4.6032
528 56496 168  7.6732 153   9.2638
529 56576 377 22.0005 356  26.6627
530 56792 276 15.6700 232  17.0276
531 56912 568 39.7228 548  46.1818
532 56928 787 85.1219 806  89.9822
533 57184 196  9.9200 173  10.7958
534 57232 478 30.8667 439  34.9137
535 57280 364 21.0105 299  21.7009
536 57544 494 31.8133 441  35.1368
537 57696 676 53.7629 656  62.9134
538 57720   6  0.1099   5   0.1350
539 57752 290 16.5498 274  19.6453
540 58032  45  1.7308  42   2.0690
541 58176  83  3.6887  77   4.5130
542 58304 252 14.0828 272  19.6229
543 58384  84  3.7045  70   4.0999
544 58432 687 55.3956 642  60.6208
545 58504 431 27.2699 409  31.5525
546 58696  15  0.2909  11   0.3792
547 58872 729 65.8792 688  68.7687
548 58936  13  0.2026  61   3.3736
549 59054 287 16.2989 289  20.9801
550 59120 220 11.2281 283  20.5969
551 59384 271 15.4222 243  17.7866
552 59520 308 17.4571 291  21.1094
553 59616 801 85.8702 801  89.5565
554 59672 348 19.8652 296  21.3013
555 60008 575 40.3734 575  49.0847
556 60120 423 25.9455 456  36.1887
557 60136 722 63.6671 680  65.9758
558 60264 600 42.8736 617  55.4478
559 60456 625 47.5144 606  52.9516
560 60712 398 24.1382 391  29.6540
561 61168  76  3.3439  66   3.8606
562 61328  42  1.5293  38   1.7690
563 61496 596 42.6152 557  47.3618
564 61536 113  5.2562  98   5.8742
565 61632 310 17.4923 275  19.7144
566 61648 657 51.2564 648  61.4257
567 61864 650 50.1231 628  57.4125
568 61936 379 22.1333 360  26.8512
569 62048 552 38.3433 491  39.6999
570 62088 565 39.2709 533  44.7668
571 62128 562 39.0286 511  41.9927
572 62136 479 30.9153 464  36.8663
573 62264 277 15.7810 248  18.1510
574 62280 602 43.3610 541  45.5750
575 62304 735 67.2909 786  93.5339
576 62320 188  8.9720 172  10.6324
577 62416 530 36.5397 565  47.9619
578 62712 355 20.2998 357  26.6758
579 62744 272 15.5163 311  22.4087
580 62752  19  0.4339  12   0.5191
581 62792  47  1.7614  81   4.8057
582 62920 591 42.2507 577  49.7097
583 63048 433 27.3068 579  49.9194
584 63064   8  0.1251   8   0.2481
585 63288 167  7.5092 144   8.3077
586 63408 573 40.2456 528  44.4547
587 63808 201 10.2372 228  16.2404
588 64200 702 57.8922 674  64.8489
589 64376 693 56.4365 665  63.6875
590 64432 318 18.1924 318  22.7573
591 64784 536 36.9033 520  43.5910
592 64832   4  0.0281   2   0.0351
593 64856 540 37.2194 660  63.2893
594 65000  22  0.4762  17   0.7290
595 65112 416 25.5467 476  38.2735
596 65256  70  3.1075  63   3.5278
597 65336 635 48.7968 588  50.7303
598 65392 362 20.8710 355  26.6180
599 65496 763 76.6708 790  95.7751
600 65736 666 52.7900 634  58.8272
601 65944 771 79.0504 755  82.7349
602 66016 769 78.5999 739  79.2315
603 66192 242 13.0346 224  15.6508
604 66232 408 24.7780 386  29.1365
605 66320 425 26.6456 375  28.3982
606 66440 415 25.4448 429  33.8488
607 66560 550 38.2541 600  52.4127
608 66576 328 18.6637 315  22.6677
609 66720 268 15.2622 247  18.1286
610 67120 660 51.7921 626  57.2614
611 67224 474 30.5726 407  31.2075
612 67304 286 16.2834 251  18.2305
613 67584 183  8.8517 185  11.4217
614 67616 446 28.1256 401  30.6196
615 67632 529 36.2914 485  39.0775
616 67648 570 39.9249 614  54.7779
617 67848 586 41.8869 593  51.6090
618 68072 443 27.9111 583  50.1680
619 68096 158  7.0917 338  24.8273
620 68104 235 12.5605 210  14.0183
621 68152 180  8.5024 335  24.4738
622 68312 607 44.4138 602  52.5469
623 68328 456 28.8937 515  42.6587
624 68432 501 33.6606 514  42.5340
625 69216 766 77.0721 767  86.9840
626 69248 366 21.2261 345  25.3283
627 69309   1  0.0109   3   0.0753
628 69360 561 38.9932 526  44.1799
629 69368 760 75.4369 793  86.5117
630 69376 363 20.9711 535  44.9360
631 69400  49  1.9517  43   2.1427
632 69416  37  1.2327  32   1.3240
633 69616 403 24.4428 483  38.9363
634 69680 668 53.1125 637  59.2255
635 69752 359 20.6968 322  22.9663
636 69776 726 65.1212 704  71.8557
637 69800 153  7.0014 143   8.2716
638 69936  73  3.2246  67   3.9640
639 70040 779 82.1980 782  91.8328
640 70056  58  2.4592 133   7.7355
641 70224 615 46.0166 586  50.5411
642 70248 112  5.2512 109   6.4028
643 70304 711 59.4688 699  70.7426
644 70352 261 14.7015 233  17.0284
645 70376 239 12.7814 280  20.4066
646 70408 803 86.5267 802  89.5900
647 70464 678 53.9649 682  66.5143
648 70744  27  0.6103  20   0.8523
649 70880 141  6.2947 129   7.4268
650 71144 459 29.0631 468  37.4506
651 71176 292 16.7787 253  18.3814
652 71184  11  0.1646  14   0.5485
653 71248 543 37.5289 525  44.1645
654 71256 777 80.5673 779  91.3893
655 71320  77  3.3516  93   5.3485
656 71424 762 76.4836 749  81.7397
657 71620  16  0.3290  13   0.5260
658 71688 426 26.8229 397  30.3732
659 71776 312 17.6987 277  20.0939
660 71976 778 80.7803 764  86.4097
661 72072 350 20.0343 314  22.4467
662 72080 263 14.7923 313  22.4206
663 72168 532 36.6569 530  44.6526
664 72192 243 13.4385 326  23.5303
665 72216 105  5.0680 238  17.2559
666 72344  21  0.4521  31   1.2038
667 72376  46  1.7603  37   1.7603
668 72448 733 66.8611 721  75.0759
669 72592  65  2.6680 225  16.0035
670 72648 690 55.6943 685  68.1190
671 72704 284 16.1130 285  20.7957
672 72736 392 23.5885 362  27.0576
673 72872 473 30.1712 427  33.7200
674 72920 492 31.7965 494  40.0476
675 72960 620 47.0983 609  53.5201
676 73192 400 24.2009 465  37.1324
677 73784 156  7.0752 130   7.4688
678 73808  69  2.9981  64   3.6431
679 73888 524 35.8862 595  52.0015
680 74184 515 35.0874 454  36.1276
681 74224 674 53.7238 618  55.6200
682 74232 521 35.7622 492  39.8014
683 74288 161  7.2926 166  10.0478
684 74888 773 79.3488 773  90.2965
685 75000 222 11.4555 208  13.8350
686 75024 608 44.5184 562  47.7563
687 75136 590 42.1287 550  46.4623
688 75168 776 80.3872 769  88.0464
689 75248  53  2.1011  50   2.5090
690 75568 280 16.0839 270  19.5705
691 75584 566 39.3515 598  52.3304
692 75648  99  4.6571  90   5.2646
693 75816 193  9.7854 169  10.3652
694 75832 614 45.1414 591  51.2304
695 75888 343 19.5303 309  22.2609
696 75944 225 11.5911 199  12.7399
697 76032 119  5.3804  97   5.7832
698 76104 506 34.1616 472  37.6920
699 76144 391 23.4755 369  27.7632
700 76184 281 16.0928 286  20.8531
701 76496 273 15.5449 231  16.4910
702 76536 579 40.7166 669  64.0985
703 76560 518 35.5085 466  37.3954
704 76632 197  9.9431 176  10.8376
705 76648 151  6.9056 139   8.1636
706 76696 464 29.4691 471  37.5866
707 76744 336 19.0703 282  20.5646
708 76808 806 99.2109 800  99.2776
709 76848 369 21.4264 363  27.0596
710 77168 341 19.3908 346  25.6468
711 77184 142  6.3164 151   9.2072
712 77232 192  9.7469 195  12.4279
713 77272 527 36.0058 501  40.8985
714 77288 149  6.7601 260  19.0695
715 77304  18  0.3601  35   1.5266
716 77392 419 25.8116 376  28.5200
717 77584 451 28.5204 410  31.6451
718 77784 758 75.3767 745  81.0463
719 77832 147  6.5707 194  12.3859
720 77912 502 33.6946 458  36.2355
721 78008 218 11.1316 189  11.9079
722 78168 695 57.0131 705  71.9332
723 78240  40  1.4965  36   1.6758
724 78448 402 24.3180 380  28.7681
725 78456 375 21.7944 331  23.9383
726 78616 691 56.0287 629  57.7353
727 78712 399 24.1930 377  28.5205
728 79424 651 50.1345 635  59.1755
729 79472 390 23.4190 372  28.1455
730 79504 184  8.8765 164   9.8905
731 79644 178  8.4659 168  10.2520
732 79768 334 19.0458 657  62.9670
733 79776 327 18.6179 342  24.9700
734 79792  91  4.1326  80   4.6870
735 79912 785 84.0450 780  91.6061
736 80032 621 47.2928 578  49.8178
737 80040 520 35.6025 542  45.6494
738 80288 475 30.5783 438  34.7896
739 80368 706 58.8505 707  72.0507
740 80600 270 15.3253 298  21.6748
741 80800 717 61.6548 740  79.5295
742 80880 495 31.9212 477  38.2913
743 81424 413 25.0993 452  36.0341
744 81456 508 34.4980 508  41.7455
745 81616 751 71.8251 730  77.3147
746 81648 782 82.5607 804  89.7885
747 81712 205 10.4445 182  11.3424
748 81824 214 10.7748 236  17.0850
749 81832 545 37.7428 571  48.4776
750 81856 174  8.0439 149   8.8383
751 82080 789 86.7790 766  86.7790
752 82128 546 37.9019 582  50.0447
753 82160 207 10.5009 186  11.4856
754 82200 124  5.4996 106   6.2406
755 82296  10  0.1635   6   0.1500
756 82344 169  7.6967 162   9.8059
757 82616 361 20.8604 325  23.4868
758 82736 311 17.5007 292  21.1321
759 82832 592 42.3476 623  57.0729
760 82848 761 76.4573 746  81.4069
761 82968 599 42.8228 554  46.8566
762 83104  28  0.6124  34   1.5206
763 83136 106  5.0770 123   7.2557
764 83200 469 29.8295 447  35.6319
765 83328 234 12.5546 245  17.9535
766 83376 418 25.7187 430  33.9618
767 83472  60  2.5554  51   2.5531
768 83496 611 44.6778 605  52.7951
769 83504  33  0.8441  28   1.1657
770 83512  61  2.5612  55   2.9771
771 83584  12  0.1659  10   0.3780
772 83680 659 51.7894 689  68.7867
773 83736 444 27.9481 395  30.3335
774 83856 774 79.7875 757  84.1243
775 83928 585 41.8415 716  74.1228
776 84272 434 27.4357 400  30.5578
777 84288 511 34.6612 732  77.8801
778 84376 736 67.2965 691  69.1419
779 84440 199 10.1562 205  13.1562
780 84512   2  0.0113   1   0.0113
781 84552 264 14.8307 316  22.7209
782 84704 115  5.3094 100   5.9104
783 85188  38  1.2342  33   1.4698
784 85272 728 65.5253 743  80.8527
785 85320 370 21.4650 329  23.9061
786 85496 692 56.2861 662  63.3291
787 85528 772 79.1034 751  81.8880
788 85592 186  8.9315 213  14.2912
789 85632 388 23.3935 347  25.9801
790 85664 190  9.4166 170  10.3914
791 85728 114  5.2929 110   6.4895
792 86056 329 18.6647 387  29.2133
793 86128 157  7.0792 150   9.0781
794 86160 294 16.7879 261  19.1402
795 86528 293 16.7819 368  27.7598
796 86560 309 17.4750 266  19.5036
797 86568 704 58.2343 654  62.6771
798 86640 266 14.9987 293  21.1463
799 86656 671 53.4348 686  68.1772
800 86856 795 90.2246 777  91.1873
801 86880 258 14.6227 367  27.4745
802 86920 344 19.6585 366  27.3209
803 86968 228 11.6915 201  12.9574
804 87080 237 12.6867 237  17.2053
805 87208 313 17.7862 627  57.3334
806 87224 738 67.8393 722  75.3647
807 87232 476 30.7400 437  34.7372
808 87272 525 35.9944 553  46.8430
1    820                12       13.87                28       29.23
2   2000                29       23.53                36       33.83
3   2184                18       18.60                14       20.70
4   3088                41       32.20                41       39.88
5   4792                34       28.47                39       37.18
6   6088                24       21.51                35       33.11
7   8040                51       55.43                48       61.60
8  10464                45       43.18                44       49.97
9  11232                32       26.23                25       27.88
10 13208                19       20.22                27       29.14
11 13704                40       31.53                37       35.40
12 14712                17       18.50                16       21.88
13 15776                50       53.03                51       67.85
14 16296                22       21.13                20       25.74
15 20136                44       43.10                43       49.64
16 20432                43       34.38                40       38.05
17 21648                42       33.34                42       40.07
18 24000                21       20.52                22       26.46
19 25360                36       29.46                30       31.66
20 27456                37       29.61                33       32.71
21 31200                 3        3.76                 3        5.11
22 32800                30       24.91                38       35.88
23 33408                 2        3.45                 2        3.95
24 34064                 4        5.97                 4        7.08
25 37784                16       18.41                13       19.93
26 38288                52       58.64                52       68.03
27 41216                13       14.36                18       23.52
28 42168                38       29.85                34       33.04
29 44128                54       66.76                54       75.96
30 44864                 5        7.20                 5        8.26
31 46256                33       26.69                29       30.41
32 48360                27       23.17                21       26.34
33 50344                10       13.12                 9       14.87
34 50408                26       22.80                24       27.21
35 52584                20       20.42                23       26.69
36 53368                35       28.91                31       32.42
37 53736                25       21.58                19       24.51
38 56456                28       23.17                26       28.64
39 57976                 9       10.45                 8       13.36
40 60000                 7        9.91                10       15.30
41 61000                11       13.72                11       17.37
42 61048                31       25.29                32       32.48
43 62432                 8        9.92                 7       11.52
44 63624                39       31.04                46       51.99
45 67344                 1        3.15                 1        3.41
46 69000                15       17.73                15       20.73
47 69600                47       47.12                45       50.12
48 69720                23       21.29                17       23.41
49 75304                56       82.08                56       91.44
50 76904                49       50.79                47       55.41
51 78528                14       17.62                12       19.79
52 81000                53       63.52                53       73.87
53 81328                 6        7.84                 6        8.95
54 85152                48       49.69                49       61.86
55 85312                55       75.40                55       80.31
56 87048                46       44.40                50       66.07
